-9148434218731226663
3978998344557922589
-3806532254559244835
-5440428871221621071
-9200414849869678337
-8359780889014015722
4022473544154112907
-1772920921751954064
3002725158269375658
-7307901292649130358
7281359723221519559
-2552815390465399258
4310905783713086137
6574358492571718414
-2122546586330181971
3131504012125919374
-8303684187436983376
-8140272533588688329
4381204740106478258
4248042584780863582
-4703543320212128818
-4991195042444233409
-1129399757446287302
5419711367504499844
-4792308052688912623
-3846784780579791211
-3737587421407596910
-7373354290819039963
-8079485646996050044
-7824805135485643221
-3073695308878354438
-3100326572281235335
648580667214020671
-7356142549946801964
5988458663779529392
6731230809984030506
-7461597507515839679
-7619921016948585213
-2291015282510461365
-2685521550266200755
-7538490040054559083
-7532131627864622133
-7692838123283787644
1002750123328772504
400298778343582778
5708652064205428942
-9145165900555625874
-694277209764109514
-8000144296702043423
-4399805696856098168
3940633207896466543
-714745210788108472
-7516475872767542429
-7249573258334797543
2231575806727506179
-2233579473069335418
5123795746982394764
384409107738254851
-3597450323523177533
-8029799418797354939
3771908189627679575
1069272762047074185
718717844495063795
8528176806693126025
-7564295379457147490
1509809090068124782
-7570658460117830857
3376335835159567510
-7155152714351065513
-6807260074399498749
2721711260737308834
1560515288267178028
-5625163820440029837
2295176734810731691
8652955380257017973
2953909293045310502
-255104015628691761
3707184572999616019
3982685855135259593
1795443095967738060
-6535533145616617960
-6512091617931960079
6052058934050811996
4307022755567404812
675671504280561945
4640968070205347463
-131591412685130547
7177330653197967484
-6793268032597633455
-7082601665081519426
-7169476012456492769
6871996300660490818
-6408052341907495479
-6392531531490564602
7206901203948860216
7784299464626949368
-8644818395961091425
8148120747864684147
-7875484715685148468
8946357774904333149
-6321516683829469779
-5902644109092258920
-1533989007293250031
-1306275954656517432
105374277717561619
5912420030584692623
3691958737394844197
-3980495694397125100
-3188325965517896717
-5076654332634901509
-2489718487204355638
1535730150135209337
-5280316806037747746
-5088986388679339016
-4274528112438478298
3352502716964386848
-7252883523845244711
-246924390000974837
2431777365774911939
-5028847353132872367
5719529956784514136
-6873934554820647972
194092789817958880
-887991282288058772
-4676634204816343853
-4490137560115774259
3654678013777541429
7782691657922708921
-4788251447399815510
595370529839559198
-4469087489497167643
1335626235868243376
2856009117400058002
-7493886236625964630
8656979660818967760
-6229574856899226121
-4005828058411825346
-3817267989735749378
7967965776612345521
2456556511985234482
6998106585756010877
-9062304927900342758
-2857247351811266232
8479832530469902529
6558515861731319120
7256872952125791597
3302295395616329133
-919661402624103944
-3609007321674209678
-3514911598884103668
6700776743426882770
-5609962665487207545
-3100326572281235335
5591066759344467954
7829803165214470625
8722494030201364925
1973050420632683429
-8098106761054503936
2391533123723441961
6854929497203350499
-3292802895402533285
-2784874559297985304
-3462246385168899023
-4260880213102723812
1213576298673733630
-7478856254695380495
-8088236366892654263
-2219043272881131912
247418795302818923
-5969513684099903903
4497994509031785393
7788943253927458703
-2565644436449407698
-2139199259264239787
3382088739148821204
-4501960073989693631
6210365135802985465
8501442654813388538
8196222718481819986
-7089988837467357213
5916683429767229503
-5053049981559280103
-4858662304631095544
5462987469582088238
-2058313421164991296
-1367500612699654962
-7624196833622210641
2880650090364807460
-7057433473506317443
-4132370430712206512
6311686152525665823
-5630142663023867773
-5466402799488458637
-7683695203087553361
-6103676329468599898
3607959468776680573
-1260614983667822589
9104945545261430616
-549957642053633303
-7992290199935610597
3667114064119348316
-9115282183812931222
-2550554941096985479
-6098508715103980023
6355928405276369160
6013486433515367325
-4169795337855511178
-426827228052802801
-1259842926272976646
-626746839370595014
-7482459267679472504
936707285104357225
8768111683996560668
5799168108152468377
3641758050017566089
-7239033459629482080
213958289915952087
-2297822489173641523
717580871936018875
-7940380334359509178
-487515591420320765
-367272192571702229
-5126907627311220466
-459114765795578485
-722388150370535640
7215398131715071403
-451653199631826307
-1868050327218756567
-354864167222247571
-5106337222742088907
7603138792213703161
3308370435582510551
-289030269499429663
-234307961172093667
-1193671688548909597
-6805098260278427338
-6603080047556129798
2124596620658232073
-5399179142436329095
2129075918041663511
-8129823770522145388
1685198459019361882
3361446508191833908
-1552460532609787515
-217072968384963551
-97497507659474685
480647562606563990
2760132571175937380
-3249932905560959746
-4198553616168812918
-8386644226078487166
5772409382133944743
-2932441666991726549
-2596931590975187167
3582150048369629286
1744874516864278584
22679326903133036
183119201954981848
-2399465559649503917
242390959661890227
8555994423351105229
-8602413159606628924
-3009085407966837431
782326643925673680
-5767491689360859636
-8876393883185073812
4992136688458575697
8495584945700750268
251755528468918233
-2469576481250734760
5017593507182063862
-7848059193711241442
6834202690705800624
-634419979497253538
2978954745402056709
4622906687774850873
-1129176288683712937
3454738806045982771
-8015104500782312374
-7065757786064874958
1930796758728475049
2205296628811171836
-6654650156480783971
-569562159498951000
8343945389681414964
8521532797448955369
3091494485494428762
-2701065088949118057
-6809756382414072178
5237257563230000318
3287335917036623271
6889488058501489426
2702179458143872728
3350534853817888963
-4387089107592788488
-3326703045410684157
5121465059538290449
-7187907319394033544
2179572861026585746
8402195896371226408
5524767130581723734
5793884520436106218
-6535008147775281841
708463517439228835
692809683740287898
3849460432504900606
4158847987115766743
27772886137894866
-536207121711588762
-4230861291328837940
-4015581240729439832
6088043825238420625
3201729488315796218
-6978242808141167331
5814054729155398530
7378551119166944894
2389943049425619773
4396235196091640756
4688748456053590145
-4088686246160239645
-4919530000461254470
-2206472859205083644
7116492261279890905
1521635283135063786
3868446469803975266
-4231612573996143795
4593638626668962776
6642973408278393480
5026042716383958972
5194445357917998322
6505656633153762605
-2464469404584345728
1081979365387840882
8718483138521372818
6109195285745809299
-3979558903019150028
-8250882737033019628
-5549950859991487094
3261889377419817810
5248203311384106162
5394610361888347530
3172312531186722996
-9110893464958515396
-6926132373154033930
-647621108460040863
-6353849851982098510
227316943757067997
-3345368233712271419
8715200188500709844
5877750759664254299
5905113039949678435
7747498229124454205
4686736515157836061
-7757055368946776650
238196223111145228