8140037752573315302
-8303684187436983376
2613934167494700881
902379247713238032
1182369684111742419
7303570413601177553
50126123764671538
2706522091196698676
7401346107914269870
3992169750759319159
-6012499096237796041
5601609441246004696
-902353467111300941
-7408465298586549641
-699265287974714228
7354328394570809045
-6024596965163527767
-6495998928846679597
8686310585463088783
-2587892998192387415
-8495229807354695032
-1879068517004098700
-3398884510356893669
-420291629948775616
3376390637651576736
-5343139164797129175
6178364508666610998
6512511308813487566
-7932364017285815793
-3607221708115329613
-3362593587256312271
4150369766254309310
8012758368895875100
-508460148396650976
-5754051705188053082
-6565982729154410791
5787626187756061371
-3384771423330725712
3118179227505773276
982661185049468629
-4162826211576793225
-3656803279839288575
-4889344989378137841
4398394008839811745
3211119316328006006
-6156278603677044458
4687214343087565708
5220496768343378580
3111526015747818492
2284549241826994528
489649316968381101
-1418718915824406121
3795558626553980392
-1811419931593134612
-2894622538827144304
6380162619441481497
3966064796445346729
708482579001153963
2823222213640812455
-5864125176681142387
3362980804511210045
9158855216690923518
6158334983184958944
-5298348625989766471
2234613195649174752
-734372761289908178
-2514317457216915021
-2594223295941962911
-7746399134201262380
7073748270867602549
-1523012399704862744
-3160620081688376193
1308198418611456747
-7956014308079001878
8679835572308208409
461880799898519232
-5692355333225447155
5735865689603648461
-9201894262718271003
-3573477245652757058
3180296737104809690
-5944783402488879623
7922503927806846948
7678642229011604979
-6758745420298270860
-939521986160170994
-2280635713168954233
-8782724020913555383
1768305719547584945
-1770086051278990794
6670263376295944903
-2048777550021743627
-284096961131049693
-648280773700865640
6400285103782682995
-7334972841600220400
-4519514567114870949
7732312609311990366
-675620708639678045
410972456197654943
3161616360989371759
-2289236992361732573
-6010579883043916151
-3643400002747423962
-4490061787083143513
-7224629404043294155
4681242458171605922
7211207835275469388
8712655004269136643
9217236172580578899
5495560351893695831
3203698280376847102
8244535299829782751
6103660277532248392
-6503180809227762822
9144259165865268707
-7078831883254324377
-4048542880491309140
4602405255928403686
8488415886337055752
-3692660051504448817
-2305478848855942478
2259120363830622069
-3015962411285831222
3728131990658978661
1561900136546307299
7192896437106377322
8609879888493093445
6287711890861088707
1050685232352426579
-8105357781910062058
-7973805272198192538
3199852289119163942
-8374509271063246362
2646570753355658599
-4441272502007989845
-8875428329907755660
-6839530543484401637
2331380274678419353
-2148704787770172054
908326600679629159
8641234108597380295
-8946173815645007910
8920799034355432404
3195229160048691274
6608306610224203079
761422649272257169
5041312535146106889
4926681726301258358
7135634149665471266
4374323929922886724
-8577314973476870677
4784866219000012295
7201239163675600686
8950571064364022244
-2935137452865751685
-8281226788811535435
-7873442174988677508
8333245685547445881
-911979025925693373
-1673650314615150891
-3149508735808865256
8299044727532943742
-5806044876299940395
4204493281298793702
-5283222209704935256